[history/.dummy_history]
version = 6.1.2
modtime = 1404663949.775317600

[ui-prefs/search]
version = 6.1.2
modtime = 1404783797.548217200
