[ui-prefs/home]
version = 6.1.2
modtime = 1405285553.472926300

[history/.dummy_history]
version = 6.1.2
modtime = 1404665308.951921300
